           295.70424 
          3073.20139 
          5805.19202 
          7813.27155 
          8552.21077 
          7813.27155 
          5805.19202 
          3073.20139 
           295.70424 
         -1945.72021 
         -3325.32339 
         -3810.81825 
         -3592.65666 
         -2960.89392 
         -2191.10041 
         -1476.89844 
          -914.60587 
          -523.31145 
          -277.73185 
          -137.10688 
           -63.09324 
           -27.10863 
           -10.88917 
            -4.09351 
            -1.44139 
            -0.47572 
            -0.14726 
            -0.04277 
            -0.01166 
            -0.00299 
            -0.00072 
            -0.00016 
            -0.00003 
            -0.00001 
            -0.00000 
