          3203.92326 
          4870.49986 
          6168.41987 
          6480.45693 
          5389.29904 
          3842.84460 
          2018.69841 
            90.04753 
         -1627.27388 
         -3300.31167 
         -2889.30710 
         -2415.78079 
         -1345.67041 
           108.30151 
          -241.57400 
           416.77794 
           314.93831 
           -61.70780 
           270.02368 
          -469.40148 
           604.99976 
          -833.92235 
         -1007.33610 
         -1289.84207 
         -1854.18388 
         -1476.74246 
         -1080.72058 
          -792.17839 
          -436.05863 
            16.56248 
          1053.20936 
          1472.05468 
           890.61599 
           430.62539 
