          1227.73772 
          4056.07514 
          6326.99614 
          7197.90828 
          6326.99614 
          4056.07514 
          1227.73772 
         -1240.71257 
         -2756.78401 
         -3212.12398 
         -2876.51363 
         -2160.52404 
         -1409.48601 
          -813.01556 
          -418.97513 
          -194.18621 
           -81.31332 
           -30.86250 
           -10.64331 
            -3.34120 
            -0.95618 
            -0.24974 
            -0.05959 
            -0.01300 
            -0.00259 
            -0.00047 
            -0.00008 
            -0.00001 
            -0.00000 
            -0.00000 
            -0.00000 
            -0.00000 
            -0.00000 
            -0.00000 
